001
002
010
011
012
020
021
022
0010
0011
0012
0020
0021
0022
0100
0101
0102
0110
0111
0112
0120
0121
0122
0200
0201
0202
0210
0211
0212
0220
0221
0222
00100
00101
00102
00110
00111
00112
00120
00121
00122
00200
00201
00202
00210
00211
00212
00220
00221
00222
01001
01002
01010
01011
01012
01020
01021
01022
01100
01101
01102
01110
01111
01112
01112
01120
01121
01122
01200
01201
01202
01210
01211
01212
01220
01221
01222
02001
02002
02010
02011
02012
02020
02021
02022
02100
02101
02102
02110
02111
02112
02120
02121
02122
02200
02201
02202
02210
02211
02212
02220
02221
02222
001001
001002
001010
001011
001012
001020
001021
001022
001100
001101
001102
001110
001111
001112
001120
001121
001122
001200
001201
001202
001210
001211
001212
001220
001221
001222
002001
002002
002010
002011
002012
002020
002021
002022
002100
002101
002102
002110
002111
002112
002120
002121
002122
002200
002201
002202
002210
002211
002212
002220
002221
002222
010010
010011
010012
010020
010021
010022
010100
010101
010102
010110
010111
010112
010120
010121
010122
010200
010201
010202
010210
010211
010212
010220
010221
010222
011001
011002
011010
011011
011012
011020
011021
011022
011100
011101
011102
011110
011111
011112
011120
011121
011122
011200
011201
011202
011210
011211
011212
011220
011221
011222
012001
012002
012010
012011
012012
012020
012021
012022
012100
012101
012102
012110
012111
012112
012120
012121
012122
012200
012201
012202
012210
012211
012212
012220
012221
012222
020010
020011
020012
020020
020021
020022
020100
020101
020102
020110
020111
020112
020120
020121
020122
020200
020201
020202
020210
020211
020212
020220
020221
020222
021001
021002
021010
021011
021012
021020
021021
021022
021100
021101
021102
021110
021111
021112
021120
021121
021122
021200
021201
021202
021210
021211
021212
021220
021221
021222
022001
022002
022010
022011
022012
022020
022021
022022
022100
022101
022102
022110
022111
022112
022120
022121
022122
022200
022201
022202
022210
022211
022212
022220
022221
022222
011022111
100
101
102
110
111
112
120
121
122
1001
1002
1010
1011
1012
1020
1021
1022
1100
1101
1102
1110
1111
1112
1120
1121
1122
1200
1201
1202
1210
1211
1212
1220
1221
1222
10010
10011
10012
10020
10021
10022
10100
10101
10102
10110
10111
10112
10120
10121
10122
10200
10201
10202
10210
10211
10212
10220
10221
10222
11001
11002
11010
11011
11012
11020
11021
11022
11100
11101
11102
11110
11111
11112
11120
11121
11122
11200
11201
11202
11210
11211
11212
11220
11221
11222
12001
12002
12010
12011
12012
12020
12021
12022
12100
12101
12102
12110
12111
12112
12120
12121
12122
12200
12201
12202
12210
12211
12212
12220
12221
12222
100100
100101
100102
100110
100111
100112
100120
100121
100122
100200
100201
100202
100210
100211
100212
100220
100221
100222
101001
101002
101010
101011
101012
101020
101021
101022
101100
101101
101102
101110
101111
101112
101120
101121
101122
101200
101201
101202
101210
101211
101212
101220
101221
101222
102001
102002
102010
102011
102012
102020
102021
102022
102100
102101
102102
102110
102111
102112
102120
102121
102122
102200
102201
102202
102210
102211
102212
102220
102221
102222
110010
110011
110012
110020
110021
110022
110100
110101
110102
110110
110111
110112
110120
110121
110122
110200
110201
110202
110210
110211
110212
110220
110221
110222
111001
111002
111010
111011
111012
111020
111021
111022
111100
111101
111102
111110
111111
111112
111120
111121
111122
111200
111201
111202
111210
111211
111212
111220
111221
111222
112001
112002
112010
112011
112012
112020
112021
112022
112100
112101
112102
112110
112111
112112
112120
112121
112122
112200
112201
112202
112210
112211
112212
112220
112221
112222
120010
120011
120012
120020
120021
120022
120100
120101
120102
120110
120111
120112
120120
120121
120122
120200
120201
120202
120210
120211
120212
120220
120221
120222
121001
121002
121010
121011
121012
121020
121021
121022
121100
121101
121102
121110
121111
121112
121120
121121
121122
121200
121201
121202
121210
121211
121212
121220
121221
121222
122001
122002
122010
122011
122012
122020
122021
122022
122100
122101
122102
122110
122111
122112
122120
122121
122122
122200
122201
122202
122210
122211
122212
122220
122221
122222
1110022
200
201
202
210
211
212
220
221
222
2001
2002
2010
2011
2012
2020
2021
2022
2100
2101
2102
2110
2111
2112
2120
2121
2122
2200
2201
2202
2210
2211
2212
2220
2221
2222
20010
20011
20012
20020
20021
20022
20100
20101
20102
20110
20111
20112
20120
20121
20122
20200
20201
20202
20210
20211
20212
20220
20221
20222
21001
21002
21010
21011
21012
21020
21021
21022
21100
21101
21102
21110
21111
21112
21120
21121
21122
21200
21201
21202
21210
21211
21212
21220
21221
21222
22001
22002
22010
22011
22012
22020
22021
22022
22100
22101
22102
22110
22111
22112
22120
22121
22122
22200
22201
22202
22210
22211
22212
22220
22221
22222
200100
200101
200102
200110
200111
200112
200120
200121
200122
200200
200201
200202
200210
200211
200212
200220
200221
200222
201001
201002
201010
201011
201012
201020
201021
201022
201100
201101
201102
201110
201111
201112
201120
201121
201122
201200
201201
201202
201210
201211
201212
201220
201221
201222
202001
202002
202010
202011
202012
202020
202021
202022
202100
202101
202102
202110
202111
202112
202120
202121
202122
202200
202201
202202
202210
202211
202212
202220
202221
202222
210010
210011
210012
210020
210021
210022
210100
210101
210102
210110
210111
210112
210120
210121
210122
210200
210201
210202
210210
210211
210212
210220
210221
210222
211001
211002
211010
211011
211012
211020
211021
211022
211100
211101
211102
211110
211111
211112
211120
211121
211122
211200
211201
211202
211210
211211
211212
211220
211221
211222
212001
212002
212010
212011
212012
212020
212021
212022
212100
212101
212102
212110
212111
212112
212120
212121
212122
212200
212201
212202
212210
212211
212212
212220
212221
212222
220010
220011
220012
220020
220021
220022
220100
220101
220102
220110
220111
220112
220120
220121
220122
220200
220201
220202
220210
220211
220212
220220
220221
220222
221001
221002
221010
221011
221012
221020
221021
221022
221100
221101
221102
221110
221111
221112
221120
221121
221122
221200
221201
221202
221210
221211
221212
221220
221221
221222
222001
222002
222010
222011
222012
222020
222021
222022
222100
222101
222102
222110
222111
222112
222120
222121
222122
222200
222201
222202
222210
222211
222212
222220
222221
222222
2221100111