000
0000
0001
0002
00000
00001
00002
00010
00011
00012
00020
00021
00022
01000
02000
000000
000001
000002
000010
000011
000012
000020
000021
000022
000100
000101
000102
000110
000111
000112
000120
000121
000122
000200
000201
000202
000210
000211
000212
000220
000221
000222
001000
002000
010000
010001
010002
011000
012000
020000
020001
020002
021000
022000
1000
10000
10001
10002
11000
12000
100000
100001
100002
100010
100011
100012
100020
100021
100022
101000
102000
110000
110001
110002
111000
112000
120000
120001
120002
121000
122000
2000
20000
20001
20002
21000
22000
200000
200001
200002
200010
200011
200012
200020
200021
200022
201000
202000
210000
210001
210002
211000
212000
220000
220001
220002
221000
222000